((("load-path" .
   [0 0 0 0 0 0 0 0 1])
  ("add-to-list" .
   [0 0 0 0 0 0 0 0 1 0 0])
  ("setq" .
   [1 0 0 0])
  ("ring-bell-function" .
   [0 0 0 0 0 0 0 1 0 0 0 0 0 0 0 0 0 0])
  ("ignore" .
   [0 0 1 0 0 0])
  ("require" .
   [1 0 0 0 0 0 0])
  ("srt-mode" .
   [0 0 0 1 0 0 0 0])
  ("__doc__" .
   [0 0 1 0 0 0 0])
  ("line" .
   [3 0 0 0])
  ("process" .
   [2 0 0 0 0 0 0])
  ("strip" .
   [2 0 0 0 0])
  ("group" .
   [5 0 0 0 0])
  ("srt" .
   [1 0 0])
  ("output" .
   [2 0 0 0 0 0])
  ("start" .
   [7 0 0 0 0])
  ("delay" .
   [2 0 0 0 0])
  ("SEC" .
   [5 0 0])
  ("search" .
   [1 0 0 0 0 0])
  ("HOUR" .
   [2 0 0 0])
  ("MIN" .
   [2 0 0])
  ("floor" .
   [1 0 0 0 0])
  ("mod" .
   [5 0 0])
  ("ts2int" .
   [2 0 2 0 0 0])
  ("int2ts" .
   [1 0 0 0 0 0])
  ("tsint" .
   [2 0 0 0 0])
  ("write" .
   [1 0 0 0 0])
  ("START" .
   [4 0 0 0 0])
  ("s_ts" .
   [1 0 0 0])
  ("e_ts" .
   [1 0 0 0])
  ("END" .
   [6 0 0])
  ("INPUT" .
   [1 0 0 0 0])
  ("d_ms" .
   [1 0 0 0])
  ("DELAY" .
   [1 0 1 0 0])))
